accuracy: 0.7286432160804021
precision: 0.5421686746987951
recall: 0.7377049180327869
f1: 0.625
gmean: 0.7311421073793923
roc_auc: 0.8156331670230459
confusion_matrix: [[100, 38], [16, 45]]
