accuracy: 0.7386934673366834
precision: 0.56
recall: 0.6885245901639344
f1: 0.6176470588235294
gmean: 0.7237937589945878
roc_auc: 0.7911617961511047
confusion_matrix: [[105, 33], [19, 42]]
