accuracy: 0.7537688442211056
precision: 0.575
recall: 0.7540983606557377
f1: 0.652482269503546
gmean: 0.7538607370920453
roc_auc: 0.8045854122119269
confusion_matrix: [[104, 34], [15, 46]]
